I/O 10 50 5 30
I/O 10 50 5 30
I/O 10 50 5 30
I/O 10 50 5 30
I/O 5 10 5 10
I/O 5 10 5 10
I/O 5 10 5 10
I/O 5 10 5 10
I/O 5 10 5 10
I/O 5 10 5 10
I/O 10 50 5 30
I/O 5 10 5 10
I/O 10 50 5 30
I/O 5 10 5 10
I/O 10 50 5 30
I/O 5 10 5 10
I/O 10 50 5 30
I/O 5 10 5 10
I/O 10 50 5 30
I/O 5 10 5 10
I/O 10 50 5 30
I/O 5 10 5 10
I/O 10 50 5 30
I/O 5 10 5 10
I/O 10 50 5 30
I/O 5 10 5 10
I/O 10 50 5 30
I/O 5 10 5 10
I/O 10 50 5 30
I/O 5 10 5 10
CALCULATE 10 200 5 50
CALCULATE 5 200 10 100
CALCULATE 10 200 5 50
CALCULATE 10 200 5 50
CALCULATE 5 200 10 100
CALCULATE 10 200 5 50
I/O 10 50 5 30
I/O 5 10 5 10
I/O 10 50 5 30
I/O 5 10 5 10
I/O 10 50 5 30
I/O 5 10 5 10
I/O 10 50 5 30
I/O 5 10 5 10
I/O 10 50 5 30
I/O 5 10 5 10
I/O 10 50 5 30
I/O 5 10 5 10
I/O 10 50 5 30
I/O 5 10 5 10
I/O 10 50 5 30
I/O 5 10 5 10
I/O 10 50 5 30
I/O 5 10 5 10
I/O 10 50 5 30
I/O 5 10 5 10
I/O 10 50 5 30
I/O 5 10 5 10
I/O 10 50 5 30
I/O 5 10 5 10
I/O 10 50 5 30
I/O 5 10 5 10
I/O 10 50 5 30
I/O 5 10 5 10
I/O 10 50 5 30
I/O 5 10 5 10